CACHE type 5 produced by analog 6.0/Unix. Do not modify or delete!
T	0	0	7	7	0	12	2420
D	22748920	22749428
15797	248	1	1	348
15797	249	1	1	348
15797	268	1	1	344
15797	286	1	1	344
15798	57	1	1	344
15798	61	2	2	692
1	0	0	0	3	0	0	22749112	0	0	22748920	0	/cgi-bin/
1	7	7	0	0	22749428	0	0	22748920	0	0	2420	/
1	0	0	0	1	0	0	22749021	0	0	22749021	0	/public
1	0	0	0	8	0	0	22749022	0	0	22748920	0	/favicon.ico
3	0	0	0	1	0	0	22749021	0	0	22749021	0	http://proveyouownit.com/
3	1	1	0	0	22748920	0	0	22748920	0	0	348	http://us-mg5.mail.yahoo.com/neo/launch?.rand=6m5je7dp71bgf
3	1	1	0	0	22749112	0	0	22749112	0	0	344	http://evuln.com/tools/malware-scanner/proveyouownit.com/
3	0	0	0	1	0	0	22748920	0	0	22748920	0	http://www.proveyouownit.com/
4	1	1	0	1	22749112	0	22749112	22749112	0	22749112	344	Lynx/2.8.5rel.1 libwww-FM/2.15FC SSL-MM/1.4.1c OpenSSL/0.9.7e-dev
4	2	2	0	8	22749021	0	22749022	22748928	0	22748928	692	Mozilla/5.0 (Windows NT 6.2; WOW64) AppleWebKit/537.31 (KHTML, like Gecko) Chrome/26.0.1410.43 Safari/537.31
4	2	2	0	0	22749428	0	0	22749428	0	0	692	Mozilla/4.0 (compatible; MSIE 7.0; Windows NT 5.1)
4	1	1	0	3	22748920	0	22748920	22748920	0	22748920	348	Mozilla/5.0 (Windows NT 6.1; WOW64) AppleWebKit/537.31 (KHTML, like Gecko) Chrome/26.0.1410.43 Safari/537.31
4	1	1	0	0	22749406	0	0	22749406	0	0	344	Mozilla/5.0 (Windows NT 5.1) Gecko/20100101 Firefox/9.0.1
5	2	2	0	0	22749428	0	0	22749428	0	0	692	38.100.21.119
5	1	1	0	1	22749112	0	22749112	22749112	0	22749112	344	78.158.11.226
5	2	2	0	8	22749021	0	22749022	22748928	0	22748928	692	76.27.16.40
5	1	1	0	0	22749406	0	0	22749406	0	0	344	208.80.194.150
5	1	1	0	3	22748920	0	22748920	22748920	0	22748920	348	50.8.122.31
z	3	7	7	22749428	2420
c	200	7	22749428
c	404	12	22749112
